0.5086206896551724
0.4482758620689655
0.47413793103448276
0.4482758620689655
0.43965517241379315
0.4568965517241379
0.4482758620689655
0.43965517241379315
0.4224137931034483
0.4655172413793104
0.43103448275862066
0.43103448275862066
0.4051724137931034
0.43965517241379315
0.43965517241379315
0.43103448275862066
0.4224137931034483
0.43965517241379315
0.43103448275862066
0.4224137931034483
0.4224137931034483
0.4224137931034483
0.39655172413793105
0.43965517241379315
0.4224137931034483
0.4568965517241379
0.4224137931034483
0.43965517241379315
0.4224137931034483
0.43965517241379315
0.4224137931034483
0.43103448275862066
0.4137931034482759
0.4137931034482759
0.4224137931034483
0.43103448275862066
0.43965517241379315
0.4224137931034483
0.4224137931034483
0.4137931034482759
0.4224137931034483
0.4224137931034483
0.43103448275862066
0.4051724137931034
0.4224137931034483
0.43103448275862066
0.4137931034482759
0.4051724137931034
0.43103448275862066
0.4224137931034483
0.4137931034482759
0.4224137931034483
0.43965517241379315
0.4224137931034483
0.43103448275862066
0.4224137931034483
0.4224137931034483
0.4224137931034483
0.4224137931034483
0.43103448275862066
0.4137931034482759
0.43103448275862066
0.4224137931034483
0.4137931034482759
0.4051724137931034
0.43965517241379315
0.4224137931034483
0.4224137931034483
0.43103448275862066
0.4224137931034483
0.4224137931034483
0.43965517241379315
0.43965517241379315
0.43103448275862066
0.4224137931034483
0.43965517241379315
0.4224137931034483
0.43103448275862066
0.4137931034482759
0.43103448275862066
0.4224137931034483
0.4224137931034483
0.4224137931034483
0.43103448275862066
0.4224137931034483
0.43103448275862066
0.4224137931034483
0.43103448275862066
0.4224137931034483
0.4224137931034483
0.4224137931034483
0.4224137931034483
0.4224137931034483
0.4137931034482759
0.4224137931034483
0.43103448275862066
0.4137931034482759
0.4224137931034483
0.4137931034482759
